*************************************************
******************* ORCA 6.1.0 ******************
*************************************************
$Calculation_Status
   &GeometryIndex 1
   &version [&Type "String"] "6.1.0"
   &progName [&Type "String"] "LeanSCF"
   &Status [&Type "String"] "NORMAL TERMINATION"
$End
$Geometry
   &GeometryIndex 1
   &NAtoms [&Type "Integer"] 32
   &NCorelessECP [&Type "Integer"] 0
   &NGhostAtoms [&Type "Integer"] 0
   &CartesianCoordinates [&Type "Coordinates", &Dim(32,4), &Units "Bohr"] 
              N     12.908524427846   36.899438248161   22.798947650747
              C     10.674662705423   35.589772451657   22.518462290319
              N      8.597308101412   37.075642756854   22.116449832747
              C      8.506226570983   39.688803373582   21.927783657345
              C     10.932955707949   40.877420740571   22.142207442459
              C     13.007165354139   39.461226678836   22.559003473242
              O     10.546961910793   33.291533769180   22.613901585905
              O      6.475870476374   40.749736027511   21.602287118003
              C     15.175079395044   35.402461663427   23.343953511688
              C     16.613065079356   34.545035638868   21.018015658177
              C     19.272754873105   34.272443154276   22.052399077219
              C     19.408693739843   36.459249713306   23.915502787160
              O     19.603398327237   31.993606252221   23.418151718610
              O     16.867153290056   36.878485097069   24.763295120169
              C     20.497623083288   38.808906672257   22.715300265134
              O     20.739215404338   40.758281255705   24.533345534111
              P     19.907460156575   43.610225247866   23.781136040284
              O     17.219993353973   43.618177593383   22.920135957790
              O     20.754049867873   45.219291920891   25.922973674677
              O     21.706174150811   44.231912907198   21.375734446952
              H      6.946729096307   36.134285094077   21.905955752025
              H     11.070428503185   42.905872123518   21.966383052178
              H     14.857563055782   40.322885841113   22.755283827669
              H     14.518222930804   33.795371795116   24.456506604992
              H     15.873703020932   32.801290905484   20.220987718605
              H     16.558893018371   36.009089150335   19.566048532707
              H     20.708442026829   34.448646718105   20.579533867275
              H     20.538354675016   35.934306205455   25.563533969004
              H     19.375519918816   30.607655877760   22.259202031472
              H     22.371536499147   38.358196690309   21.960586940872
              H     19.297064328989   39.415301250419   21.146497646694
              H     20.822273630034   43.966369025497   19.805256831958
$End
$SCF_Mulliken_Population_Analysis
   &GeometryIndex 1
   &NAtoms [&Type "Integer"] 32
   &ATNO [&Type "ArrayOfIntegers", &Dim (32,1)] 
                                                         0

0                                                        7
1                                                        6
2                                                        7
3                                                        6
4                                                        6
5                                                        6
6                                                        8
7                                                        8
8                                                        6
9                                                        6
10                                                       6
11                                                       6
12                                                       8
13                                                       8
14                                                       6
15                                                       8
16                                                      15
17                                                       8
18                                                       8
19                                                       8
20                                                       1
21                                                       1
22                                                       1
23                                                       1
24                                                       1
25                                                       1
26                                                       1
27                                                       1
28                                                       1
29                                                       1
30                                                       1
31                                                       1
   &AtomicCharges [&Type "ArrayOfDoubles", &Dim (32,1)] 
                                                         0

0                                      3.7579510439566199e-02
1                                      2.7539949018929732e-01
2                                     -2.1542721881100046e-01
3                                      2.6608521234653892e-01
4                                     -3.1631934525589589e-01
5                                     -5.8570930062129101e-02
6                                     -4.0848410761781651e-01
7                                     -3.9051327053460838e-01
8                                      9.9533581569710705e-02
9                                     -3.1653676615257975e-01
10                                     8.9194772233273767e-02
11                                     1.3671332109915113e-01
12                                    -4.3890500094886420e-01
13                                    -2.7116316970234955e-01
14                                    -7.8741885540438261e-02
15                                    -3.1161207202429786e-01
16                                     7.7458121110433176e-01
17                                    -6.4700536966107336e-01
18                                    -6.2877769509710468e-01
19                                    -5.0684609825304072e-01
20                                     2.3003011418073727e-01
21                                     1.5356343250926319e-01
22                                     2.6123856500403486e-01
23                                     1.1036798854231866e-01
24                                     1.2567616466846687e-01
25                                     1.1509160548945696e-01
26                                     8.2005567929693601e-02
27                                     8.5559528648327166e-02
28                                     2.9623077017222554e-01
29                                     8.3539902565319624e-02
30                                     6.2953840429230801e-02
31                                     3.0355835054057723e-01
   &Method [&Type "String"] "SCF"
   &Level [&Type "String"] "Relaxed density"
   &Mult [&Type "Integer"] 1
   &State [&Type "Integer"] -1
   &Irrep [&Type "Integer"] 0
$End
$SCF_Loewdin_Population_Analysis
   &GeometryIndex 1
   &NAtoms [&Type "Integer"] 32
   &ATNO [&Type "ArrayOfIntegers", &Dim (32,1)] 
                                                         0

0                                                        7
1                                                        6
2                                                        7
3                                                        6
4                                                        6
5                                                        6
6                                                        8
7                                                        8
8                                                        6
9                                                        6
10                                                       6
11                                                       6
12                                                       8
13                                                       8
14                                                       6
15                                                       8
16                                                      15
17                                                       8
18                                                       8
19                                                       8
20                                                       1
21                                                       1
22                                                       1
23                                                       1
24                                                       1
25                                                       1
26                                                       1
27                                                       1
28                                                       1
29                                                       1
30                                                       1
31                                                       1
   &AtomicCharges [&Type "ArrayOfDoubles", &Dim (32,1)] 
                                                         0

0                                      2.6415350199920429e-01
1                                     -4.9058892726366210e-01
2                                      2.0931720761162254e-01
3                                     -4.4584001892733305e-01
4                                     -1.5513872720931410e-01
5                                     -1.2598240557260976e-01
6                                      3.9393339776005121e-02
7                                      4.2541350698193980e-02
8                                     -3.0444610654978632e-01
9                                     -2.2218621986276954e-01
10                                    -3.3681398512090865e-01
11                                    -2.8277676977598443e-01
12                                    -2.2513054543065181e-03
13                                     2.3649358850468971e-01
14                                    -3.4006628607535738e-01
15                                     5.7202551536235546e-02
16                                    -8.1493418060365030e-02
17                                    -3.6796725040691136e-01
18                                    -3.4726720940950528e-01
19                                    -1.7584709332875370e-01
20                                     2.0314462404220468e-01
21                                     1.6399398513980512e-01
22                                     1.6905273661233344e-01
23                                     1.5033091167273227e-01
24                                     1.4070184517970286e-01
25                                     1.4952337900797752e-01
26                                     1.3583337304145870e-01
27                                     1.5313467319131358e-01
28                                     1.6823054209961585e-01
29                                     1.2352799212218746e-01
30                                     1.1900854332787392e-01
31                                     1.5308157745473305e-01
   &Method [&Type "String"] "SCF"
   &Level [&Type "String"] "Relaxed density"
   &Mult [&Type "Integer"] 1
   &State [&Type "Integer"] -1
   &Irrep [&Type "Integer"] 0
$End
$SCF_Mayer_Population_Analysis
   &GeometryIndex 1
   &NAtoms [&Type "Integer"] 32 "Total number of atoms"
   &NBondOrdersPrint [&Type "Integer"] 33 "The number of bond orders larger than threshold"
   &bondThresh [&Type "Double"]       1.0000000000000001e-01  "The threshold for printing"
   &components [&Type "ArrayOfIntegers", &Dim (33,4)] "The indices and atomic numbers of the bonding atoms"
                                                         0                           1                           2                           3

0                                                        0                           7                           1                           6
1                                                        0                           7                           5                           6
2                                                        0                           7                           8                           6
3                                                        1                           6                           2                           7
4                                                        1                           6                           6                           8
5                                                        2                           7                           3                           6
6                                                        2                           7                          20                           1
7                                                        3                           6                           4                           6
8                                                        3                           6                           7                           8
9                                                        4                           6                           5                           6
10                                                       4                           6                          21                           1
11                                                       5                           6                          22                           1
12                                                       8                           6                           9                           6
13                                                       8                           6                          13                           8
14                                                       8                           6                          23                           1
15                                                       9                           6                          10                           6
16                                                       9                           6                          24                           1
17                                                       9                           6                          25                           1
18                                                      10                           6                          11                           6
19                                                      10                           6                          12                           8
20                                                      10                           6                          26                           1
21                                                      11                           6                          13                           8
22                                                      11                           6                          14                           6
23                                                      11                           6                          27                           1
24                                                      12                           8                          28                           1
25                                                      14                           6                          15                           8
26                                                      14                           6                          29                           1
27                                                      14                           6                          30                           1
28                                                      15                           8                          16                          15
29                                                      16                          15                          17                           8
30                                                      16                          15                          18                           8
31                                                      16                          15                          19                           8
32                                                      19                           8                          31                           1
   &BondOrders [&Type "ArrayOfDoubles", &Dim (33,1)] "The bond orders"
                                                         0

0                                      1.1321751851502160e+00
1                                      1.1481435433716183e+00
2                                      8.8946979737452359e-01
3                                      1.1976984344072417e+00
4                                      1.9899915749754089e+00
5                                      1.0758162244759282e+00
6                                      8.8579401099769794e-01
7                                      1.1037266501486538e+00
8                                      2.0428368938827521e+00
9                                      1.6786115450772274e+00
10                                     9.7883921907005123e-01
11                                     8.5430373271951754e-01
12                                     9.8222950928197394e-01
13                                     1.0912824015085971e+00
14                                     9.3985599445334878e-01
15                                     1.0152258400522109e+00
16                                     9.4460987004921804e-01
17                                     9.4216751877790483e-01
18                                     9.2036877804408523e-01
19                                     1.0543138253987889e+00
20                                     9.7330203390648828e-01
21                                     9.9271860881764029e-01
22                                     9.6832345912529516e-01
23                                     9.5331091201065177e-01
24                                     8.9788200629215287e-01
25                                     9.8470465369875282e-01
26                                     9.4886117723054841e-01
27                                     9.3955252313421433e-01
28                                     1.0026332563924563e+00
29                                     1.7584329276113846e+00
30                                     2.0293460692060128e+00
31                                     1.0400848496981920e+00
32                                     8.8279219912046947e-01
   &ATNO [&Type "ArrayOfIntegers", &Dim (32,1)] "Atomic number of the elements"
                                                         0

0                                                        7
1                                                        6
2                                                        7
3                                                        6
4                                                        6
5                                                        6
6                                                        8
7                                                        8
8                                                        6
9                                                        6
10                                                       6
11                                                       6
12                                                       8
13                                                       8
14                                                       6
15                                                       8
16                                                      15
17                                                       8
18                                                       8
19                                                       8
20                                                       1
21                                                       1
22                                                       1
23                                                       1
24                                                       1
25                                                       1
26                                                       1
27                                                       1
28                                                       1
29                                                       1
30                                                       1
31                                                       1
   &NA [&Type "ArrayOfDoubles", &Dim (32,1)] "Mulliken gross atomic population"
                                                         0

0                                      6.9624204895604338e+00
1                                      5.7246005098106947e+00
2                                      7.2154272188109942e+00
3                                      5.7339147876534584e+00
4                                      6.3163193452558932e+00
5                                      6.0585709300621318e+00
6                                      8.4084841076178272e+00
7                                      8.3905132705346084e+00
8                                      5.9004664184302893e+00
9                                      6.3165367661525815e+00
10                                     5.9108052277667253e+00
11                                     5.8632866789008542e+00
12                                     8.4389050009488660e+00
13                                     8.2711631697023495e+00
14                                     6.0787418855404374e+00
15                                     8.3116120720242979e+00
16                                     1.4225418788895666e+01
17                                     8.6470053696610663e+00
18                                     8.6287776950971029e+00
19                                     8.5068460982530389e+00
20                                     7.6996988581926296e-01
21                                     8.4643656749073704e-01
22                                     7.3876143499596503e-01
23                                     8.8963201145768156e-01
24                                     8.7432383533153313e-01
25                                     8.8490839451054315e-01
26                                     9.1799443207030640e-01
27                                     9.1444047135167272e-01
28                                     7.0376922982777423e-01
29                                     9.1646009743467982e-01
30                                     9.3704615957076887e-01
31                                     6.9644164945942277e-01
   &ZA [&Type "ArrayOfDoubles", &Dim (32,1)] "Total nuclear charge"
                                                         0

0                                      7.0000000000000000e+00
1                                      6.0000000000000000e+00
2                                      7.0000000000000000e+00
3                                      6.0000000000000000e+00
4                                      6.0000000000000000e+00
5                                      6.0000000000000000e+00
6                                      8.0000000000000000e+00
7                                      8.0000000000000000e+00
8                                      6.0000000000000000e+00
9                                      6.0000000000000000e+00
10                                     6.0000000000000000e+00
11                                     6.0000000000000000e+00
12                                     8.0000000000000000e+00
13                                     8.0000000000000000e+00
14                                     6.0000000000000000e+00
15                                     8.0000000000000000e+00
16                                     1.5000000000000000e+01
17                                     8.0000000000000000e+00
18                                     8.0000000000000000e+00
19                                     8.0000000000000000e+00
20                                     1.0000000000000000e+00
21                                     1.0000000000000000e+00
22                                     1.0000000000000000e+00
23                                     1.0000000000000000e+00
24                                     1.0000000000000000e+00
25                                     1.0000000000000000e+00
26                                     1.0000000000000000e+00
27                                     1.0000000000000000e+00
28                                     1.0000000000000000e+00
29                                     1.0000000000000000e+00
30                                     1.0000000000000000e+00
31                                     1.0000000000000000e+00
   &QA [&Type "ArrayOfDoubles", &Dim (32,1)] "Mulliken gross atomic charge"
                                                         0

0                                      3.7579510439566199e-02
1                                      2.7539949018930532e-01
2                                     -2.1542721881099425e-01
3                                      2.6608521234654159e-01
4                                     -3.1631934525589323e-01
5                                     -5.8570930062131765e-02
6                                     -4.0848410761782716e-01
7                                     -3.9051327053460838e-01
8                                      9.9533581569710705e-02
9                                     -3.1653676615258153e-01
10                                     8.9194772233274655e-02
11                                     1.3671332109914580e-01
12                                    -4.3890500094886598e-01
13                                    -2.7116316970234955e-01
14                                    -7.8741885540437373e-02
15                                    -3.1161207202429786e-01
16                                     7.7458121110433353e-01
17                                    -6.4700536966106625e-01
18                                    -6.2877769509710291e-01
19                                    -5.0684609825303895e-01
20                                     2.3003011418073704e-01
21                                     1.5356343250926296e-01
22                                     2.6123856500403497e-01
23                                     1.1036798854231844e-01
24                                     1.2567616466846687e-01
25                                     1.1509160548945685e-01
26                                     8.2005567929693601e-02
27                                     8.5559528648327277e-02
28                                     2.9623077017222577e-01
29                                     8.3539902565320179e-02
30                                     6.2953840429231134e-02
31                                     3.0355835054057723e-01
   &VA [&Type "ArrayOfDoubles", &Dim (32,1)] "Mayer's total valence"
                                                         0

0                                      3.1841047384442369e+00
1                                      4.4321396849029639e+00
2                                      3.1486865707624614e+00
3                                      4.3320008448835177e+00
4                                      3.7994421137774204e+00
5                                      3.9052668483993482e+00
6                                      2.1151437418325481e+00
7                                      2.1394287612307883e+00
8                                      3.9938422111387926e+00
9                                      3.9941489234607253e+00
10                                     4.0566183668599578e+00
11                                     3.8980966479770407e+00
12                                     1.9874275144442874e+00
13                                     2.1010875473745108e+00
14                                     3.9717372061515186e+00
15                                     2.0035185919510221e+00
16                                     5.9225248880477572e+00
17                                     1.8656974215105038e+00
18                                     2.0028363392088666e+00
19                                     1.9160361764233018e+00
20                                     9.8016822296118755e-01
21                                     9.8428378631153901e-01
22                                     9.5925291939388502e-01
23                                     1.0081728182143681e+00
24                                     9.8110429686763312e-01
25                                     9.8877792589770608e-01
26                                     9.7674006010789061e-01
27                                     9.9035228282154386e-01
28                                     9.2941708133528256e-01
29                                     9.6498471411549058e-01
30                                     1.0268945749749738e+00
31                                     9.3740121648998764e-01
   &BVA [&Type "ArrayOfDoubles", &Dim (32,1)] "Mayer's bonded valence"
                                                         0

0                                      3.1841047384441534e+00
1                                      4.4321396849029009e+00
2                                      3.1486865707624996e+00
3                                      4.3320008448835585e+00
4                                      3.7994421137772818e+00
5                                      3.9052668483992541e+00
6                                      2.1151437418324743e+00
7                                      2.1394287612309029e+00
8                                      3.9938422111387331e+00
9                                      3.9941489234607186e+00
10                                     4.0566183668599667e+00
11                                     3.8980966479768915e+00
12                                     1.9874275144443558e+00
13                                     2.1010875473744317e+00
14                                     3.9717372061514999e+00
15                                     2.0035185919510212e+00
16                                     5.9225248880477643e+00
17                                     1.8656974215105020e+00
18                                     2.0028363392087805e+00
19                                     1.9160361764232547e+00
20                                     9.8016822296117190e-01
21                                     9.8428378631151336e-01
22                                     9.5925291939386892e-01
23                                     1.0081728182143450e+00
24                                     9.8110429686764633e-01
25                                     9.8877792589771529e-01
26                                     9.7674006010789205e-01
27                                     9.9035228282151444e-01
28                                     9.2941708133529788e-01
29                                     9.6498471411549269e-01
30                                     1.0268945749749774e+00
31                                     9.3740121648998587e-01
   &FA [&Type "ArrayOfDoubles", &Dim (32,1)] "Mayer's free valence"
                                                         0

0                                      0.0000000000000000e+00
1                                      0.0000000000000000e+00
2                                      0.0000000000000000e+00
3                                      0.0000000000000000e+00
4                                      0.0000000000000000e+00
5                                      0.0000000000000000e+00
6                                      0.0000000000000000e+00
7                                      0.0000000000000000e+00
8                                      0.0000000000000000e+00
9                                      0.0000000000000000e+00
10                                     0.0000000000000000e+00
11                                     0.0000000000000000e+00
12                                     0.0000000000000000e+00
13                                     0.0000000000000000e+00
14                                     0.0000000000000000e+00
15                                     0.0000000000000000e+00
16                                     0.0000000000000000e+00
17                                     0.0000000000000000e+00
18                                     0.0000000000000000e+00
19                                     0.0000000000000000e+00
20                                     0.0000000000000000e+00
21                                     0.0000000000000000e+00
22                                     0.0000000000000000e+00
23                                     0.0000000000000000e+00
24                                     0.0000000000000000e+00
25                                     0.0000000000000000e+00
26                                     0.0000000000000000e+00
27                                     0.0000000000000000e+00
28                                     0.0000000000000000e+00
29                                     0.0000000000000000e+00
30                                     0.0000000000000000e+00
31                                     0.0000000000000000e+00
   &Method [&Type "String"] "SCF"
   &Level [&Type "String"] "Relaxed density"
   &Mult [&Type "Integer"] 1
   &State [&Type "Integer"] -1
   &Irrep [&Type "Integer"] 0
$End
$SCF_Energy
   &GeometryIndex 1
   &Method [&Type "String"] "SCF"
   &totalEnergy [&Type "ArrayOfDoubles", &Dim (1,1)] "Total energy of each state"
                                                         0

0                                     -1.4022322524033116e+03
   &Mult [&Type "ArrayOfIntegers", &Dim (1,1)] "Multiplicity of each state"
                                                         0

0                                                        1
$End
$DFT_Energy
   &GeometryIndex 1
   &nAlphaEl [&Type "Integer"] 80
   &nBetaEl [&Type "Integer"] 80
   &nTotalEl [&Type "Integer"] 160
   &finalEn [&Type "Double"]      -1.4022322524033116e+03  "No Van der Waals correction"
   &eExchange [&Type "Double"]      -1.1477131156259102e+02
   &eCorr [&Type "Double"]      -5.5562796349980612e+00
   &eXC [&Type "Double"]      -1.2032759119758909e+02
   &eCNL [&Type "Double"]       0.0000000000000000e+00
$End
$SCF_Timings
   &GeometryIndex 1
   &TOTAL [&Type "Double"]       7.6808036999999999e+01
   &PREP [&Type "Double"]       2.2738879999999999e+00
   &FOCK [&Type "Double"]       6.2460596000000002e+01
   &DENS [&Type "Double"]       2.3108110000000011e+00
   &ETOT [&Type "Double"]       7.9504700000000206e-01
   &POP [&Type "Double"]       4.6186000000000149e-01
   &TRAFO [&Type "Double"]       6.8118799999999524e-01
   &DIIS [&Type "Double"]       3.4613410000000009e+00
   &SOSCF [&Type "Double"]       2.4554880000000043e+00
   &XC [&Type "Double"]       1.3554801999999995e+01
   &FOCKSTART [&Type "Double"]       7.8463299999999903e-01
   &INT_PREP [&Type "Double"]       7.0000000018666242e-06
   &INT_BF [&Type "Double"]       8.8778300000000865e-01
   &INT_DENS [&Type "Double"]       1.2819070000001416e+00
   &INT_DENSIO [&Type "Double"]       1.3692955109700019e+05
   &INT_FUNC [&Type "Double"]       6.0267000000064463e-02
   &INT_POT [&Type "Double"]       1.1624929999998415e+00
   &INT_POTIO [&Type "Double"]       9.7637700000011041e-01
   &INT_SUM [&Type "Double"]       1.0059999999825209e-03
   &SPLITRIJ [&Type "Double"]       6.1948290000000013e+00
   &COSX [&Type "Double"]       4.1231590000000004e+01
$End
$VdW_Correction
   &GeometryIndex 1
   &vdW [&Type "Double"]      -3.6176025943785502e-02
$End
$Single_Point_Data
   &GeometryIndex 1
   &FinalEnergy [&Type "Double"]      -1.4022684284292554e+03  "Final single point energy"
   &Converged [&Type "Boolean"] true
$End
$Calculation_Info
   &GeometryIndex 1
   &Mult [&Type "Integer"] 1
   &Charge [&Type "Integer"] -1
   &NumOfAtoms [&Type "Integer"] 32
   &NumOfElectrons [&Type "Integer"] 160
   &NumOfBasisFuncts [&Type "Integer"] 698
   &NumOfAuxCBasisFuncts [&Type "Integer"] 0
   &NumOfAuxJBasisFuncts [&Type "Integer"] 1114
   &NumOfAuxJKBasisFuncts [&Type "Integer"] 0
   &NumOfCABSBasisFuncts [&Type "Integer"] 0
$End
$SCF_Dipole_Moment
   &GeometryIndex 1
   &dipoleMagnitude [&Type "Double", &Units "a.u."]       5.6256311196208175e+00
   &dipoleElecContrib [&Type "ArrayOfDoubles", &Dim (3,1)] "Electronic contribution"
                                                         0

0                                     -4.9356042155184428e+00
1                                      7.8197189089202936e+00
2                                      4.4048839978259950e+00
   &dipoleNucContrib [&Type "ArrayOfDoubles", &Dim (3,1)] "Nuclear contribution"
                                                         0

0                                      4.3108876772537599e+00
1                                     -1.2779982769068930e+01
2                                     -6.9842709751072469e+00
   &dipoleTotal [&Type "ArrayOfDoubles", &Dim (3,1)] "Total"
                                                         0

0                                     -6.2471653826468287e-01
1                                     -4.9602638601486362e+00
2                                     -2.5793869772812519e+00
   &doAtomicDipole [&Type "Boolean"] false
   &Method [&Type "String"] "SCF"
   &Level [&Type "String"] "Relaxed density"
   &Mult [&Type "Integer"] 1
   &State [&Type "Integer"] -1
   &Irrep [&Type "Integer"] 0
$End
$Calculation_Timings
   &GeometryIndex 1
   &GTOINT [&Type "Double"]       4.8228569999999999e+00
   &SCF [&Type "Double"]       8.2954926000000000e+01
   &PROP [&Type "Double"]       1.5072070000000082e+00
   &SUM [&Type "Double"]       8.9284990000000008e+01
$End
